100
3 8
5 6 9 4 8 2 1 7
3 1
2
3 100
2 4 8 16 32 64 128 256 512 1024 2048 4096 8192 16384 32768 65536 131072 262144 524288 1000000 1000000 1000000 1000000 1000000 1000000 1000000 1000000 1000000 1000000 1000000 1000000 1000000 1000000 1000000 1000000 1000000 1000000 1000000 1000000 1000000 1000000 1000000 1000000 1000000 1000000 1000000 1000000 1000000 1000000 1000000 1000000 1000000 1000000 1000000 1000000 1000000 1000000 1000000 1000000 1000000 1000000 1000000 1000000 1000000 1000000 1000000 1000000 1000000 1000000 1000000 1000000 1000000 1000000 1000000 1000000 1000000 1000000 1000000 1000000 1000000 1000000 1000000 1000000 1000000 1000000 1000000 1000000 1000000 1000000 1000000 1000000 1000000 1000000 1000000 1000000 1000000 1000000 1000000 1000000 1000000
3 100
1 4 4 4 4 4 4 4 4 4 4 4 4 4 4 4 4 4 4 4 4 4 4 4 4 4 4 4 4 4 4 4 4 4 4 4 4 4 4 4 4 4 4 4 4 4 4 4 4 4 4 4 4 4 4 4 4 4 4 4 4 4 4 4 4 4 4 4 4 4 4 4 4 4 4 4 4 4 4 4 4 4 4 4 4 4 4 4 4 4 4 4 4 4 4 4 4 4 4 4
1000000 1
1000000
2 20
1000000 1000000 1000000 1000000 1000000 1000000 1000000 1000000 1000000 1000000 1000000 1000000 1000000 1000000 1000000 1000000 1000000 1000000 1000000 1000000
3 5
11 20 60 22 100
2 21
1000000 1000000 1000000 1000000 1000000 1000000 1000000 1000000 1000000 1000000 1000000 1000000 1000000 1000000 1000000 1000000 1000000 1000000 1000000 1000000 1000000
2 100
1000000 1000000 1000000 1000000 1000000 1000000 1000000 1000000 1000000 1000000 1000000 1000000 1000000 1000000 1000000 1000000 1000000 1000000 1000000 1000000 1000000 1000000 1000000 1000000 1000000 1000000 1000000 1000000 1000000 1000000 1000000 1000000 1000000 1000000 1000000 1000000 1000000 1000000 1000000 1000000 1000000 1000000 1000000 1000000 1000000 1000000 1000000 1000000 1000000 1000000 1000000 1000000 1000000 1000000 1000000 1000000 1000000 1000000 1000000 1000000 1000000 1000000 1000000 1000000 1000000 1000000 1000000 1000000 1000000 1000000 1000000 1000000 1000000 1000000 1000000 1000000 1000000 1000000 1000000 1000000 1000000 1000000 1000000 1000000 1000000 1000000 1000000 1000000 1000000 1000000 1000000 1000000 1000000 1000000 1000000 1000000 1000000 1000000 1000000 1000000
3 5
27 729 9 243 81
2 19
1000000 1000000 1000000 1000000 1000000 1000000 1000000 1000000 1000000 1000000 1000000 1000000 1000000 1000000 1000000 1000000 1000000 1000000 1000000
1 100
2 2 2 2 2 2 2 2 2 2 2 2 2 2 2 2 2 2 2 2 2 2 2 2 2 2 2 2 2 2 2 2 2 2 2 2 2 2 2 2 2 2 2 2 2 2 2 2 2 2 2 2 2 2 2 2 2 2 2 2 2 2 2 2 2 2 2 2 2 2 2 2 2 2 2 2 2 2 2 2 2 2 2 2 2 2 2 2 2 2 2 2 2 2 2 2 2 2 2 2
1 100
1000000 1000000 1000000 1000000 1000000 1000000 1000000 1000000 1000000 1000000 1000000 1000000 1000000 1000000 1000000 1000000 1000000 1000000 1000000 1000000 1000000 1000000 1000000 1000000 1000000 1000000 1000000 1000000 1000000 1000000 1000000 1000000 1000000 1000000 1000000 1000000 1000000 1000000 1000000 1000000 1000000 1000000 1000000 1000000 1000000 1000000 1000000 1000000 1000000 1000000 1000000 1000000 1000000 1000000 1000000 1000000 1000000 1000000 1000000 1000000 1000000 1000000 1000000 1000000 1000000 1000000 1000000 1000000 1000000 1000000 1000000 1000000 1000000 1000000 1000000 1000000 1000000 1000000 1000000 1000000 1000000 1000000 1000000 1000000 1000000 1000000 1000000 1000000 1000000 1000000 1000000 1000000 1000000 1000000 1000000 1000000 1000000 1000000 1000000 1000000
3 4
1 6 12 49
2 6
9 64 19 16 81 80
14318 99
49835 390213 452255 729177 972103 65835 676694 820245 901075 939224 9320 33463 314 71383 100 40754 71442 42035 290991 337566 28160 241530 783533 56805 815184 334395 786746 479117 286437 109943 775460 722 117944 42037 62791 486592 604690 24484 579481 697195 388370 661365 11926 107116 904320 3830 499638 262483 258558 18485 709093 441596 616714 344 444079 539709 51081 51902 351016 409982 180210 211397 794278 943763 929538 85024 71460 729491 996696 884014 685832 153307 6495 822861 26031 219054 544621 701309 116263 52896 196849 841929 138046 393923 18242 179105 616921 351250 89223 258434 117290 3553 230197 642452 141230 139838 896456 68773 964691
127294 13
422883 665604 864619 89327 589361 10807 61179 570245 412887 275787 706172 37650 957763
124596 90
1225 7474 848212 345504 61405 154418 15924 326559 11750 328957 62732 280658 3038 6077 733761 346577 283367 744575 626927 153226 918326 277693 640804 888238 320727 789452 4512 263551 314885 360021 314789 14530 955339 330598 577629 105675 10976 189871 655771 370644 5363 57422 139541 60238 20923 454021 780800 341869 52666 289935 214076 374531 7331 865474 18455 84150 457584 79295 273776 611215 138571 391203 78264 286861 15962 74526 10027 514698 43001 80779 84762 198 611021 298740 2565 510654 311471 8011 491610 357501 419631 74371 8766 146900 57210 734479 889975 935710 5101 68486
176284 24
929017 7688 168903 161281 38691 225418 78890 243934 119193 787186 57097 522 94182 253215 74315 224128 91456 4611 32012 93875 8052 668397 478767 870696
207876 64
190688 67372 268998 933833 248403 410156 840049 514760 5524 9946 425284 971042 60795 486082 353451 34595 250739 228791 70452 442207 984889 637402 4511 305094 287288 371977 414886 219670 6761 6584 883742 199601 76716 522755 110131 390067 501715 884130 325862 103172 511389 8394 415415 205694 241273 439553 1182 17925 944928 6771 29331 402794 318656 389889 679954 441322 42449 407572 2255 28181 826675 401607 896630 743240
3469 86
957303 195335 988599 311400 4804 336548 900570 3677 742681 872 10384 317065 63654 762411 91461 524403 657449 175881 391507 123296 27828 526660 632618 394560 458885 838006 555331 511642 590480 959988 91589 477239 764497 10059 38263 84392 8512 51497 29730 320275 589926 860794 680588 805117 555297 16044 407465 111898 645811 367953 258168 738535 867829 151026 227688 82858 411634 684297 108657 1283 19928 144546 253143 2417 940818 665222 425213 88663 101358 567532 772742 396947 198966 136190 308658 556067 53007 11620 892260 472736 670 283014 70650 209322 81696 126688
101636 11
232459 16826 554 105016 503296 17521 12941 300294 115611 8151 22505
12148 36
47009 612933 89197 592028 177 519858 39335 78859 39975 557997 126582 3524 453112 214850 843461 284168 592758 794083 27984 748074 19772 955679 149244 567887 247524 933085 189027 321458 449107 2226 875385 757121 882658 475586 1179 212771
54184 73
4455 25863 22284 685447 7507 548509 17866 5817 978437 715182 828316 161552 811517 854535 170581 731707 41240 527748 916559 34697 899547 43149 941 209742 362867 468871 911821 103966 28849 11652 49646 31600 88288 47471 120930 744249 104008 458582 412335 989856 84151 384695 786414 924717 207000 14153 1623 252 383319 486974 10968 237814 272200 607165 208244 649853 197543 842284 914756 433112 843327 150576 23178 54686 919552 145674 467575 331388 152260 434273 194836 580084 53957
17256 31
183775 290779 580843 26577 120489 21603 178805 46036 332188 323551 900887 700562 716160 75 29848 33411 327844 54887 343254 24517 950796 1932 4896 691883 402 99 5568 62379 553369 4603 36805
14525 15
764942 162638 83621 154417 754090 19 104898 857663 38578 358034 181970 970436 541218 774004 717078
169260 22
779 93873 588582 20429 843724 982002 425498 675420 376120 348349 851309 538319 135834 16027 59033 227903 2429 607324 3028 190894 959473 473699
103998 39
76093 643966 23340 707253 129047 674114 371390 989629 17206 677 945579 8045 710623 837121 955932 673897 937541 10012 936809 175431 837540 584854 6537 25084 676524 348904 694662 599428 750683 708495 95847 430372 362027 661970 653619 601225 4149 221850 940170
200504 22
277478 4299 54059 377092 793 5238 1470 144960 723453 709756 991046 252799 323703 203319 431223 618595 42970 41625 31957 312417 115217 189294
202378 88
536878 1965 599517 352211 16359 419 815592 910631 22062 747119 62271 304574 91144 597009 289733 61 53472 3814 13028 863401 228625 5030 610347 57063 357106 163888 642564 11120 195504 446180 235202 37336 160269 815638 823004 698843 818335 158039 686 348679 422963 537694 76336 800460 9228 310382 198695 55840 888831 1946 988019 39151 726440 31972 20766 468702 76794 22584 620606 696286 70104 157306 339963 531734 70633 948681 73062 936663 312759 40592 190907 974744 714693 1 10650 355258 727014 279655 86827 272477 209935 314100 263261 462860 293049 295502 730613 1072
225 13
18512 679136 338 84224 184064 44527 554063 24182 309204 792285 32870 54 881791
183932 26
133487 14552 3011 257691 509126 314602 579663 23336 492483 903982 13988 642225 292816 787838 208652 723731 584047 102062 790751 267828 948443 63561 451312 33208 49821 17925
13300 60
471654 308057 659721 743494 775189 307450 185928 509784 52261 128190 13314 999587 304259 163506 9626 763726 609492 48562 257037 461726 291441 45914 811730 179 638587 8363 73768 609307 266306 500901 24186 363395 441321 296853 122075 468070 613197 544942 570960 59173 120204 54285 489464 758581 810000 82670 645731 3445 23469 109409 121858 518169 57359 368343 533452 126184 62761 29225 621244 12474
6938 10
203555 196139 51224 801210 214190 87522 227058 421900 388016 230655
122965 97
75 71966 361021 48373 154714 801424 185712 64280 214823 45537 11482 832629 287791 14391 406995 95839 198440 457769 1628 290232 547670 397261 733372 526169 374435 98412 64348 753139 824662 703072 853783 231218 84500 27617 191867 400766 193343 73136 11974 293 660713 474063 25756 156 8953 276619 707824 2580 230686 140639 166948 831336 331363 204100 396377 97781 470870 789271 593480 208226 2697 741953 4045 60473 99184 140736 7032 44579 249998 151202 571598 487023 669989 489266 746190 400420 52593 730200 985501 418634 407761 41363 272214 23721 116328 10327 1943 703892 502734 4078 244894 22504 861673 553204 603216 222398 8385
24498 52
696725 87507 98054 37044 1532 728284 846622 470822 764648 430967 158259 21088 277811 68311 789230 57860 131386 558516 5918 232663 390452 263313 57690 521 144789 802061 606892 906931 178495 13238 990025 523141 67511 392167 7329 245013 467328 321082 118 28716 504446 55491 503807 160514 754883 148182 451592 9177 594862 532759 214590 705596
33354 80
568136 9616 801151 112891 326143 139998 122203 10438 454994 439245 474141 106256 610301 121509 760824 6345 57 70386 14147 382107 434 888125 78683 53384 653727 7812 327069 792596 652695 698416 6 11672 894339 841738 855712 219723 514317 365008 510502 148823 559600 29375 4746 1937 67435 417501 373543 937107 445731 4269 368341 261993 381261 438822 190382 151096 328744 362618 55856 129062 176860 1916 789681 196407 468885 953817 574155 315870 583176 112801 226865 538139 71032 4994 18574 353482 13722 3341 613532 342369
93745 21
231269 710527 59186 585198 15854 475174 255785 99492 668732 59513 213155 954572 292935 233299 339809 460732 385851 84511 93661 555663 827216
186666 10
118317 484681 980859 774153 964549 977044 3379 655972 196089 808845
10718 79
2409 13394 856082 730884 76659 598481 162186 932988 16771 283 168192 192351 66222 31373 553953 309684 16866 507770 312856 35855 554170 53910 642330 7778 254921 67421 212 24 33157 66551 36755 695906 1219 272864 823428 76063 813348 100998 230271 463414 643143 18861 104644 336439 691310 6246 12 557892 120955 206670 410886 162378 11821 603959 1473 670116 863349 460851 8466 549407 105835 562355 20903 765186 42040 115220 2342 218752 46713 196325 1036 11972 147186 787145 524003 625582 622788 499577 300009
37584 53
923505 558122 367783 387160 190893 844141 178014 67597 750971 184611 294308 702384 130529 983536 56575 159844 143154 81343 810063 227257 105055 93459 70458 917970 944344 320231 844481 23295 90146 814677 531229 190226 276626 142611 10782 781278 552541 867542 39303 538167 72286 692479 514321 175520 338443 518323 109335 455066 492484 24089 25401 591799 100336
162970 32
977538 201833 692466 185762 67790 520329 148 68 61535 166800 10016 199541 618024 625 62211 641312 59774 6222 829226 74461 308413 41415 113724 16 3144 321929 562365 28 338408 248726 351884 523467
32069 67
273119 660849 80558 25596 46225 30719 217701 31937 49855 75709 644048 81937 179957 4773 906298 270744 78128 66726 537994 565354 36032 748853 90134 111129 960915 129441 338 19378 394557 60260 485266 401240 208462 938676 594179 437413 211198 1655 831976 34015 800154 900897 7474 79815 604782 815143 75794 5853 621523 3299 673727 641173 602346 726306 37128 299069 48690 790470 676635 923083 100860 362263 3156 7699 438595 903415 236090
222696 59
309646 646697 277032 77658 152960 208421 188088 383347 616345 122004 188189 153632 61128 814329 322640 19235 70007 311535 174078 8417 698159 467455 40690 194915 458538 189129 630987 723719 880925 132790 763897 376198 8594 310587 27049 13346 227380 67224 140613 419296 33645 34701 405119 484870 902431 426216 25058 36282 295280 419825 161176 243208 5683 804782 809898 697234 216947 400730 729808
13245 34
552156 879298 251232 289894 4516 539524 154708 651943 317328 497635 141749 400763 133 22814 734743 316952 34949 315652 188577 64490 842491 18490 320691 759771 58646 313478 48411 70066 509382 153643 950042 323208 152692 899144
26509 13
927369 45664 369305 421508 472857 371451 114452 214485 131733 717641 10122 690613 494804
7524 45
34482 266904 14616 406505 620021 21079 131239 4516 600847 21695 760218 32506 466943 168377 556804 39913 838576 516537 476780 296523 523065 284191 839829 353500 172336 79829 594364 435991 527622 867548 61131 682587 553414 607850 839873 811748 618158 244 211178 38066 314726 261066 176231 24734 363042
43114 67
196360 613933 332431 979150 5917 57150 137279 72514 497877 20670 118724 651627 22122 484372 4070 239802 331610 24 429350 786101 374285 386661 360856 16184 16029 86140 409348 909206 20373 164419 178834 233881 897344 12973 226148 21796 72208 93 705583 770083 659115 617270 581618 436640 738210 43587 472475 884177 311146 129756 493288 529906 4502 215131 406564 302352 131892 821860 481562 216353 578388 91403 408095 395716 281890 20207 82858
175127 45
494979 383911 415505 50539 15160 863210 69302 415068 391918 461172 41 137764 739950 827221 88252 733481 980704 519018 666433 556148 381522 46608 20550 689310 785750 907259 24587 138252 22582 40728 86936 49020 780419 333695 22067 550550 443777 224805 18450 9079 860382 4820 10824 143630 866651
14433 64
112140 134727 927366 120278 58364 206900 620112 209144 144022 95742 29683 137751 81324 551824 958601 891001 27321 69240 818026 529561 212889 7680 83138 162355 213424 839153 297557 767823 241549 76059 279873 894941 544389 515095 508627 382576 632869 477886 5194 396218 103197 452877 500831 46172 850004 277031 389 145557 446204 317904 44804 241710 292 797092 62030 47592 48202 61057 77574 343395 32758 70869 441335 572337
52265 94
390863 651685 27929 124975 30378 244555 538717 287237 33913 228153 753197 32286 26720 281141 470319 828585 322441 54080 193381 40861 64088 595733 40761 174323 218905 64952 21757 77980 182232 788983 4708 782478 178804 8167 331063 218846 230349 597624 81634 128122 67 200438 778140 915148 806892 5771 96254 145927 385 896123 202914 327294 1211 26192 768733 131321 886058 362466 336868 55078 191933 392044 933712 199271 1684 168 356609 157228 305218 367269 123190 241816 648680 873944 988368 30267 39413 176947 102021 94 317396 2915 77366 15444 57535 363554 25928 232895 124210 101160 119456 420113 15124 390568
64775 40
465322 162162 143413 7966 960 4685 357810 879659 162229 373956 485453 63145 932883 161865 243123 54761 3450 269864 301545 149457 25627 4826 246041 961999 587940 171911 520514 120470 242315 578750 2273 555664 111388 21229 20445 592848 573715 107931 336103 140
37172 45
447777 987941 785294 6398 691857 904388 42913 323810 559673 9365 30774 276781 33233 32209 781608 128716 921056 42238 712201 196298 330222 9535 413 54 84850 45588 327622 579481 481986 818340 120667 477813 214 383442 72154 93 553194 412910 234 940607 380903 980573 485183 16004 173243
4720 22
83944 25845 183089 515036 905772 90083 645022 146029 29194 760486 301820 366312 993497 900134 143722 7666 80896 78012 714988 12023 3630 96334
85672 10
149934 172969 37475 951002 4487 512133 12765 3761 131121 55938
38305 96
920342 92238 33729 161876 283648 947092 24967 519941 554895 138224 54200 333420 26 840764 162896 211798 179389 801328 679434 1 240942 271838 5018 589505 740341 471817 20179 224387 234066 4504 13144 5360 57772 73226 240653 275208 280110 8747 5368 961465 830510 28439 497643 366326 71320 20295 970550 628136 889252 21795 485538 20290 59703 350875 266678 619879 320641 550215 404974 10808 104228 550922 181496 356299 65131 133800 136534 12541 88 827564 764995 992983 10790 504688 320692 84991 6598 120796 496747 196883 294208 133291 107508 67373 4954 74963 580126 10879 31073 522766 880909 266502 39455 982278 280966 128237
34630 61
42992 79494 730347 170085 6971 181804 957678 920554 384210 90055 195839 19732 419391 939367 691277 187978 280483 23053 174330 417341 370494 299825 167803 28566 289369 2871 57438 35645 831818 96069 584954 85439 315367 324425 613720 101559 983779 266507 46039 29402 304458 185610 339425 395906 95249 742787 533900 75181 20989 814539 419 749640 550043 876823 17315 809055 90960 69450 52691 635546 45528
5034 67
36001 407373 355548 15860 86806 485005 66823 115855 566706 821491 528541 934225 109138 193751 1413 1354 234245 337287 438047 861751 314534 181070 292591 174504 3015 261292 67115 112362 111477 201429 828825 619588 750324 718068 168538 161812 16913 67112 266841 110686 16546 126578 422947 107068 20252 287602 38041 847946 465282 893328 134636 526945 22833 404308 431 520007 209037 574626 155486 852349 484565 448727 255885 775108 398688 118669 592583
11043 17
66037 890687 704395 283015 704108 755524 1385 162917 404892 331226 972935 924188 19636 463320 37635 914942 402841
107490 28
42237 404652 102025 416488 415558 963637 328921 31238 274646 898702 472331 272 86306 12066 433912 541272 136392 125641 550626 350766 254272 274954 1 163676 439426 852504 685999 393312
178725 21
177460 133464 137601 2589 57218 899824 748662 683019 490944 100268 171271 378962 410409 556472 11780 543564 45876 357652 557795 408821 89313
148628 87
72320 167684 86797 15320 719554 408464 71072 38189 322237 43718 5750 703738 56673 655251 968717 39204 959262 416 16237 96134 12239 1903 147478 488884 144263 948152 27831 766802 835490 57 151424 4316 520307 136864 580945 268677 73027 9451 328768 9403 39221 77047 210189 397 65486 195852 613100 127456 768404 423562 32958 67658 6127 895694 3036 580150 119617 152974 181085 721199 185520 23545 192015 525580 117 830978 681 912526 131779 488580 89420 558613 437544 90992 417228 50944 56633 42373 231440 502325 647702 163324 43884 291797 3453 113486 101729
81750 15
10652 79263 894125 124726 243 849062 175848 124087 195601 991512 455746 739837 630636 88 971292
116428 24
515720 399531 408757 650656 334459 742786 3147 38759 865754 378548 485869 55341 228388 238400 119553 264927 49331 239637 823790 561447 21216 34663 483697 83715
4 14
43822 342103 2185 487245 108522 736614 18300 493866 481783 258484 94502 40498 590532 4397
232306 67
275648 352510 67091 105512 12837 996 795486 827159 740136 198931 64127 259262 283458 755959 52811 634939 184549 812472 474280 277233 136835 743068 459122 664692 231421 454051 991951 951351 70378 25999 425454 45750 132686 121002 555959 664487 33155 496032 383062 434304 739567 136575 8293 30456 438199 5213 997852 13091 476308 746440 101714 279301 179290 106566 193413 672561 89260 64381 348898 147687 802609 157663 388367 535537 87081 81698 678414
65324 61
927804 623961 226811 510555 51115 977279 408719 281755 3799 164265 16317 534682 267333 189553 12823 220151 404422 707312 837555 64211 508692 492466 636443 121225 935892 330994 252218 466759 866100 14290 706707 52027 440252 13344 72873 515980 550744 64428 322417 17921 698974 197531 920123 184161 342749 66464 542004 648159 746105 397419 967539 700213 863267 211245 74751 123718 48684 503574 9555 255943 366
195353 95
641050 318550 24915 206961 858301 272988 7883 688575 94647 1574 109405 70131 928045 247846 211151 333635 454810 199633 475226 78293 877958 76263 59553 949704 20136 463309 453815 894634 847647 644520 4957 534934 669179 889162 421665 477857 356827 68096 129229 34824 667855 90078 298101 34 67771 323908 218829 15859 280337 42555 6086 322160 104283 836352 48645 305630 637087 63080 33191 266927 230270 796141 628070 138601 529908 328093 221168 123461 690487 255057 121316 217386 251302 559207 304443 821361 465977 91867 863456 697822 311776 149432 713976 842561 2455 456988 574298 120735 265 369015 652952 133410 619485 755974 495379
47401 73
456582 224778 80902 853067 519212 23775 80162 93370 358209 315802 66742 765317 588942 259120 57389 351129 272523 56519 25816 34 11292 548189 456593 296241 7555 194199 791698 71496 4089 994624 16960 15479 94887 668662 570209 9 18672 421049 912055 29054 359870 249870 284595 403254 888399 57478 752903 761061 273462 40226 184755 927483 9995 402989 27315 670968 88346 26166 626283 134260 45367 48425 463130 1830 341614 1122 52608 60571 4054 91836 92777 700944 991959
2301 91
13552 148005 45656 237438 564827 98390 364539 847346 851097 8015 27813 92681 298875 70439 68609 406003 505081 665993 25153 236 619353 583391 6280 119819 299326 70394 341164 952 177983 869890 776259 41598 154964 49908 716835 62092 254904 17346 329 90649 540682 2474 313563 191304 302181 101090 860897 63850 289733 17817 418726 482241 396651 643038 584569 38729 319817 337109 731939 56666 985677 72369 421891 270901 755406 167369 6683 570617 742021 900997 14574 763095 441249 411580 192045 853215 5428 204 218523 622407 531478 326077 720449 265000 462362 415208 156631 220452 727344 763878 110724
74658 32
114319 33121 722088 605940 489866 951896 21278 684 70270 592774 630380 599607 326961 27930 4961 162668 234632 317791 77710 906465 960043 626659 324164 55853 168189 666044 1921 478 280105 609040 590429 951012
26851 44
356373 599234 300111 210251 946105 23303 33622 98533 490334 865782 298052 15928 34572 787272 17923 509765 26110 417898 40 459226 42050 115679 16259 908483 514661 750725 28374 300961 239588 926079 8610 140570 928 24262 557198 7690 129721 338003 646048 169485 501752 25872 664534 494251
11725 89
395293 3348 438763 902321 4443 6 95508 654625 525907 68768 576115 856429 192435 550121 229583 514691 605981 15828 6130 213876 129929 933990 813374 26098 194033 483906 532913 528506 499317 6018 948 872251 237273 737221 409899 41925 864744 279948 730844 397754 328 137843 446834 98669 197101 690943 564297 344917 325318 1780 645923 346638 320828 658279 433990 186518 593431 284882 3102 923458 234188 714687 205828 128989 144350 19621 312062 757510 910061 509217 3607 942659 23693 219509 306615 198394 782349 269688 974314 369105 664019 945406 480 342818 141187 39417 627094 197341 578982
77280 66
1296 679694 856578 128982 251466 589338 373607 17550 1050 353202 762087 312968 4 948001 645127 261529 448649 4652 76013 743485 352562 52498 62922 222094 49319 573698 264312 238166 763197 850572 217675 598066 730276 730201 217676 124294 9439 181262 172949 164899 636293 425982 300553 921522 78811 157435 1697 771660 558151 977215 312384 8533 94152 607644 13174 127762 23734 51506 435609 290 309637 94487 380915 60336 757997 315272
16680 30
159429 416130 233197 191 754005 377940 50297 69608 211313 230713 369939 961774 59105 570520 665952 10040 991798 5270 16559 24843 426273 2300 9905 74104 707659 14343 215727 482372 523099 196711
75768 33
243041 222895 4889 227611 18384 362501 440719 475573 11902 665944 549572 234692 403 582043 44570 487101 17442 653860 374695 86995 633307 150126 8659 68028 42147 5984 105813 4833 573125 523610 106945 16534 541415
120479 88
716 278378 798595 150919 471453 404743 71912 205490 1038 195683 33967 12942 67637 484 110044 8669 20483 558057 817678 551317 233043 4739 941923 12353 623992 417988 106314 195233 810603 504271 451530 36304 775869 2458 444797 316329 789154 854828 546449 66927 114333 53282 62314 416017 114 134973 668142 798421 450 25675 167623 415077 457913 571303 248458 26 39693 1238 28720 170736 780752 25541 152942 524609 2161 776353 283948 8437 615385 713732 657564 17362 85840 982000 7477 797865 800659 109499 230333 242976 14148 43833 452319 3119 3431 3744 502235 343037
71708 34
285872 993607 396153 6 592097 7572 272530 484362 145366 881173 290835 53627 813896 14815 133006 314412 95649 902834 120195 40596 829761 81925 676833 742559 639319 623041 73965 199470 665656 5161 268385 52780 41306 53812
163837 45
172719 32446 576679 794528 83717 67456 32603 218651 843345 2056 19650 154754 36171 11570 53399 917084 4023 678 236253 809820 293143 695334 216725 6638 57468 18044 654421 381504 168273 553417 672375 900928 1187 14137 268562 286448 48131 787937 407716 633710 477936 458853 220341 828082 253456
4047 73
907149 356437 920106 2591 121541 1401 270788 176917 233188 231645 683285 19 957294 145855 23659 142914 151792 219586 325922 231544 325392 139961 823530 493898 361777 348021 288101 745277 95666 30163 750099 154612 13641 696751 195563 359176 158807 6725 10413 952221 333510 4027 160673 281722 4932 168007 3572 131591 133662 66473 503784 704544 948089 658518 4007 785900 1298 847259 217070 134 921307 94463 225025 462649 26023 139911 457074 214897 490681 964809 724649 28476 674566
193860 34
227188 285354 336419 40121 578856 252 3590 3758 22618 183549 196157 6708 522520 3934 940642 75157 793545 422662 375260 924776 102296 158084 148487 5042 842399 189979 371323 421244 62445 404284 572919 20084 13824 453956
239499 39
35130 75263 239556 14558 675898 510009 355008 175592 178489 16158 215853 193645 929274 440807 958971 178069 84552 56857 795862 272190 938877 337257 637 660642 346418 23541 482313 284288 1092 827982 158362 102438 2335 245089 866975 9248 715088 2 906019
206198 98
7535 327140 294067 722 530683 665187 879584 150855 184961 253387 976237 248404 353201 115356 255578 59781 936686 25195 261266 3874 703794 13728 74203 609207 822 2015 411541 19426 15686 786811 770192 156785 34625 206 181548 204428 744158 17313 584 919928 521568 142341 639882 58942 72093 614105 549726 270492 117692 413782 372719 79841 32360 69567 405760 190805 951432 67257 328678 55758 790947 746524 11798 358105 994324 502477 330511 994549 915335 943693 465650 901347 98604 518897 243921 412925 14365 735812 36562 177467 385708 26646 420354 596486 717072 221803 48824 1723 515793 666282 495135 53261 173035 184043 157071 215802 233907 204978
102862 58
63971 201502 26053 109705 152375 982777 702483 500780 7165 120099 771177 102103 167176 108770 558041 407496 908845 570601 916090 28454 287 8560 24227 688190 24 3872 9503 241355 330096 905186 1227 73998 789875 247734 136149 579661 37216 130990 240586 24462 734343 591309 27558 123705 215006 669190 69041 328037 472972 55138 283891 135090 25886 530024 935457 225259 37490 73703
229 48
901497 144933 330461 4992 358776 119669 74061 427103 350320 379998 531576 868356 356170 237961 89709 877802 654117 252583 481378 102701 750110 181821 435469 326636 11222 333144 608593 224441 13513 61859 887752 17423 319820 743914 33 746890 216397 8668 452109 257193 291968 17069 174179 46380 142387 7821 211506 407487
51104 53
46441 20961 204578 42481 537885 130276 931065 775282 159307 882350 283653 435777 762469 11821 533213 59565 544077 148095 761960 239925 961937 10793 67612 162426 418685 598383 757041 662058 753501 67737 294023 349962 25323 26670 166064 850517 43226 837175 582010 95087 136307 432048 326084 59832 511001 849885 163723 800594 32019 306071 633555 14654 9192
37743 34
11490 51105 795609 54331 8851 45230 33881 917660 169817 411491 89598 563192 3081 891464 453833 881569 229205 281042 265908 153697 965874 690 20091 262825 177355 36460 909166 60781 907605 142305 86661 12600 14830 35345
224498 87
752987 136730 895748 134314 88341 646829 5272 605586 92719 1019 539147 398273 833078 66624 721650 827571 690447 451573 443562 67242 362119 963125 707842 283224 680431 75312 20 64624 755088 78706 538076 416732 284747 292367 747295 9385 5 824622 372198 27802 136851 731095 709302 115921 1468 588026 140620 30787 44817 412498 1299 53904 566733 208135 408712 737525 547651 133777 304556 271897 44569 874607 833607 816001 222614 237726 209309 30009 4807 21593 241238 966505 62362 6131 26818 10140 227880 263575 285267 7908 546 784719 12043 49150 281521 482332 94708
242104 77
10419 25158 6336 91909 837621 302 395826 630745 111680 296046 94345 417802 220403 70099 225875 14574 1109 928375 31312 139159 14719 145817 198685 13610 901605 401457 72930 259110 918183 430525 582061 632491 217057 240550 185737 34938 45833 751846 258 756 543197 522605 118167 7023 35973 37063 231229 117580 27529 48980 473316 505203 18136 69855 22875 234700 15962 9135 394686 236354 944745 364580 678834 456466 4022 374966 28407 4245 394485 16577 261302 405278 448000 180712 376126 153772 751253
3539 46
383159 221971 3844 952072 12374 374346 975705 347476 81127 626016 3768 52112 321481 295061 275415 101412 101370 359178 722840 38281 165765 230222 636226 456 402761 404436 203128 29646 17176 600368 652609 631574 869865 726885 119981 130835 940511 58754 385340 342276 871199 490252 817331 32663 67 363786
190619 81
777706 362907 136325 83533 192693 595876 4856 409025 178338 170860 287471 2413 272233 137940 508544 17757 992537 777707 12488 262179 843148 66348 428358 112135 99217 667380 75840 23696 53868 91749 85031 831587 507106 140880 116808 3483 99 157273 933154 15632 1688 54139 438373 807582 428214 290209 747717 695709 125695 19632 424546 614382 54244 890957 813876 968988 214063 84233 246891 168953 650504 68231 219202 2691 40071 354353 73095 392349 23350 777374 703675 765144 522018 175984 681318 129955 628051 402980 794460 57256 726324
113451 39
875149 122763 510634 79282 469756 389774 171572 393769 190466 408516 842 405218 181195 10942 575069 81289 119424 107925 288060 130419 510700 463772 208118 372205 37934 552515 664313 87109 572245 17212 270974 155572 356111 26554 122843 3654 640071 609858 753041
21918 59
359177 271931 92 387803 53 43619 640789 292726 811118 518610 611362 100967 689499 295330 52399 567008 692563 661206 764557 326613 341778 115819 6005 174681 426278 290839 647331 776835 544295 154146 109788 63988 778024 414282 181649 55791 24854 4917 120621 467674 450017 245 58163 57435 405707 289368 325565 634955 843461 79160 648057 16156 968038 700235 33886 94078 18126 174472 396976
41339 82
242097 48690 30856 63471 283278 195884 411403 412510 454431 309434 45227 276805 175088 48100 373142 865 646405 286449 180944 140822 15505 856205 129015 610024 712853 6457 496832 105100 800533 400620 36471 370464 16357 59472 141763 420312 441111 570777 232140 378373 144669 440964 179708 217378 71631 219752 572662 570743 405187 64974 773375 241117 19527 53327 577012 724652 470502 577911 334348 26519 777493 453515 4778 439280 545626 342722 691222 558061 40686 139736 23647 4470 343627 197539 927025 8246 812983 704241 11788 782441 757407 259036
157913 27
107989 220183 297441 17045 205569 501758 895686 4781 833058 788849 101377 338441 307245 958202 158936 3002 148987 699876 649992 649062 253416 178268 58755 863750 17847 403125 551935
37193 82
717707 912579 136483 142031 570331 247713 416439 5337 115775 49405 209895 901084 863351 392043 996441 22439 927161 821120 404842 1538 169426 125690 664022 210151 160107 2981 185662 42 662574 512399 726614 522628 693000 7825 325092 940599 447186 152432 67487 13260 128287 334916 991167 656279 204961 6966 347592 415252 679192 518658 290985 119532 185562 154 112329 92642 533086 768571 26102 58731 898090 141111 806509 653488 138502 1569 6069 880747 607579 478962 136785 605707 486161 583490 766868 712640 862584 118285 548928 676917 938695 975
14723 89
3794 61418 17877 181115 400433 266463 615835 304152 155332 861545 28837 529072 54882 942588 76223 451473 89799 98652 428569 549856 705499 508689 638651 562682 396718 375558 979592 246379 644411 690011 539327 453653 119255 488982 715599 346917 353469 895759 487892 149333 34167 114370 178162 362676 239598 111225 25936 242199 656726 633832 8325 999699 168582 148700 203127 2101 36517 205090 777773 452914 593055 104587 64039 311038 19641 297085 242910 287034 128335 156179 58528 2271 103058 10380 614128 756665 442575 84095 104073 552187 265584 479293 517973 649685 600331 1132 527164 3628 257415
175409 35
19364 660 4330 14371 466500 5205 686949 212760 882942 853594 147086 384499 116662 274442 182449 275789 23336 189269 792535 715691 833706 19440 767762 265330 334827 310587 1376 297285 719268 508910 342737 498822 151385 821919 583585
18051 68
814808 688 50854 116776 13667 897038 627761 897 806039 491293 649860 148762 6793 447859 444 882758 465901 513676 102202 83043 75173 24097 9505 126100 2799 104749 55182 960654 248534 990258 143353 228816 23266 20985 370629 551900 386810 598304 330036 39163 179689 275401 975599 48 28086 137653 70446 1511 399582 207558 76928 752797 229581 284574 729711 841182 522816 845935 285301 732976 32984 171536 248488 799655 483472 5416 9414 245541
166630 46
492926 65424 942054 317873 68689 201526 103668 8826 463749 197238 695434 118529 42892 26004 672618 136850 88200 2667 349869 558558 173057 572263 816599 706630 478315 474920 194040 303157 985736 395644 163352 635431 122955 4259 202195 765671 246821 15809 480966 119641 8388 63783 229429 182355 799690 199720
