100
3 8
5 6 9 4 8 2 1 7
3 1
2
3 10
2 4 8 16 32 64 100 100 100 100
3 10
1 4 4 4 4 4 4 4 4 4
100 1
100
3 5
11 20 60 22 100
2 10
100 100 100 100 100 100 100 100 100 100
3 5
100 100 100 100 100
3 4
1 6 12 49
2 6
9 64 19 16 81 80
1 10
100 100 100 100 100 100 100 100 100 100
1 10
1 1 1 1 1 1 1 1 1 1
1 1
4
4 7
45 16 6 22 2 2 12
1 9
28 78 8 48 1 52 1 29 64
8 3
1 14 9
1 1
55
1 4
1 14 5 1
13 5
5 27 27 48 2
20 6
1 1 39 93 75 59
19 4
93 6 63 6
8 1
18
1 6
2 64 84 2 2 31
22 9
1 76 9 85 79 4 1 81 4
3 9
68 60 1 39 24 71 19 23 20
6 3
5 61 21
1 9
59 1 88 13 1 1 2 77 70
2 2
66 84
1 2
57 2
17 4
79 9 42 26
4 5
74 50 80 7 60
17 6
92 1 97 11 35 61
12 1
37
4 8
54 15 5 4 2 44 16 24
23 8
49 30 1 65 36 85 1 93
7 9
69 12 7 7 4 56 7 79 23
1 2
93 93
3 7
85 2 4 1 20 51 15
15 2
86 5
4 1
8
5 4
34 17 24 9
11 6
2 33 30 1 23 65
19 8
25 18 9 24 1 20 5 25
19 9
11 34 13 5 1 35 13 10 5
12 8
98 4 97 1 76 24 33 4
1 9
28 3 31 38 43 7 22 26 68
1 6
80 95 22 17 85 3
1 6
41 23 31 84 15 14
4 8
55 9 47 43 43 41 7 22
11 6
1 7 5 72 86 54
1 6
88 19 78 39 23 18
22 3
73 43 85
1 3
44 3 1
18 6
13 54 71 63 18 72
1 8
31 28 45 78 24 4 51 13
1 4
30 40 82 15
20 8
1 96 59 83 34 68 14 51
1 6
84 40 91 14 8 1
23 7
64 1 45 15 98 7 21
1 4
29 1 21 72
11 2
83 56
22 1
17
3 4
31 86 41 29
1 5
96 85 18 72 3
1 4
16 17 43 1
1 1
40
3 9
38 30 22 49 1 91 15 82 92
1 7
4 1 3 16 64 41 18
8 3
69 23 18
1 3
83 2 28
1 4
41 64 28 60
20 9
20 50 40 70 7 4 10 3 83
10 4
47 26 1 9
18 7
9 34 39 40 2 23 25
8 2
85 90
22 4
84 3 68 46
11 3
1 49 40
3 1
54
6 9
7 45 8 10 21 70 77 23 4
7 4
36 51 73 1
1 2
1 21
18 2
25 40
15 9
45 10 3 3 12 1 34 68 1
15 1
52
9 1
68
11 9
1 73 56 3 39 41 45 11 12
2 6
76 55 74 17 99 71
4 4
37 18 24 60
1 5
7 40 23 26 93
17 8
31 98 18 73 13 57 77 74
5 9
29 10 37 1 95 57 1 85 7
9 6
49 76 13 39 13 84
1 6
73 31 9 37 62 25
2 6
30 20 85 67 82 18
1 6
91 17 1 38 32 52
9 3
3 30 54
5 2
52 21
11 5
13 71 10 7 1
2 6
2 17 20 53 33 14
18 5
63 54 14 1 96
