100
949201 -476 902
744691 215 571
931315 0 134
18 4 2
945 0 44
442610 896 44
705077 0 1188
1 0 0
282978 2488 8208
192200 7900 330
503505 0 1004
58228 -99 241
46668 278 28
80380 10000 9456
915970 10000 10000
20 4 2
51331 0 4096
314174 0 490
291467 764 0
119925 -9238 0
17 6 0
503505 0 1004
24089 0 220
58975 35 307
143470 -9390 0
410312 -390 0
622069 -9606 0
61074 0 350
878976 149 1177
1000000 -4 0
814300 7510 7104
699807 2522 0
819202 211 1069
219686 662 0
499753 -572 0
3 2 0
960991 218 0
1000000 -1414 0
154138 439 115
5 -2 0
606185 6326 2568
996238 1412 0
5132 0 2058
32130 0 254
960606 7448 0
600028 1094 0
79002 0 398
999457 -832 0
20 -3 3
311656 790 0
375631 526 0
800945 -235 1031
114330 -36 442
12049 -10000 10000
88860 322 100
345978 -620 0
32660 -96 160
65843 0 2
243254 698 0
360789 -55 793
861977 9484 0
986889 -1314 90
969169 -1392 0
602533 1098 0
274622 8 494
1 4 4
511797 219 243
424383 0 856
132197 -10000 9870
291467 764 0
135280 50 0
19 -6 0
548631 -3890 0
775078 0 374
10 2 2
4 1 1
708582 38 0
774935 1244 0
6903 25 91
293969 9276 10000
246314 -100 282
308506 -786 0
232947 -682 0
286902 0 758
100948 246 202
31302 -250 0
976783 4752 6074
112029 7373 5905
857357 0 7610
15 1 3
931297 7552 0
1000000 8840 0
913230 -225 1125
39620 0 282
9 0 0
998769 388 7640
906257 207 1139
1000000 1414 0
122 9 7
633497 58 530
