100
1 0 2
12 -4 0
16 0 9208
11 4 0
6 3 1
4 8222 7200
14 -1 3
3 -8980 0
9 0 4
18 0 0
16 1 1
10 0 0
17 -2 2
19 -3 3
13 0 4
13 0 0
1 3 1
16 0 0
8 3 1
19 -3 1
13 0 4
6 0 2334
17 6 0
19 1 1
14 0 4
4 0 2
19 -9542 0
16 -472 0
14 -4 0
14 729 9625
9 -4 0
10 -4 0
12 3 1
20 -1 3
10 -3 1
1 0 0
14 0 0
6 1 1
20 -5 1
1 -4014 0
5 -1 1
5 0 4
18 -5 1
20 0 5910
6 0 2
12 0 4
20 6 0
4 0 2
16 -5 1
7 2 0
6 8124 0
15 1 3
20 -1 1
16 4 0
15 -6674 0
15 -2 0
15 8404 0
19 0 7040
2 0 0
9 2 0
3 -1 1
9 -30 0
19 -2 4
10 -4 0
12 -4 0
1 0 2
1 0 2
1 0 2
12 0 4
18 6986 6640
15 0 4
19 -4 2
11 0 0
6 -4 0
10 2 2
4 -1 1
10 -4 0
4 0 0
6 -2 0
19 0 0
3 4871 5681
13 7064 1578
12 0 0
10 5273 1883
17 0 4
17 6 0
3 1 1
7 4 0
5 0 2
10 2 0
9 0 0
4 -1 1
15 0 0
19 5 1
3 2 0
19 0 0
12 0 2858
1 4497 5675
5 0 4
18 -2 2
