25
2 15
3 1
3 2 1 2
1 1 3
1 2 2 3
1 2 1 3
1 0
2 0
3 1 1
3 2 1 3
1 1 3
2 3 3 2 1
1 0
2 2 1 3
2 2 3 3
3 0
3 0
2 9
13 13
13 0
13 0
13 1 13
13 1 13
13 1 13
13 1 13
13 0
13 2 13 13
13 1 13
1 1
2
2 0
1 4
1
1 0
1 2 1 3
2 0
3 1 2
2 15
3 1
2 1 3
1 1 1
2 2 1 3
1 1 3
3 2 1 1
3 4 2 1 1 2
1 2 1 2
1 0
2 2 3 1
2 2 2 3
3 1 2
3 0
1 1 1
3 3 2 1 1
3 0
4 20
2 3 3 3
3 4 1 1 3 2
4 5 4 1 4 4 2
1 1 2
4 4 3 4 2 2
4 1 2
2 2 2 2
1 0
4 2 1 3
4 1 2
4 2 4 4
3 2 3 1
1 2 3 2
4 0
1 2 4 1
2 1 4
3 1 4
1 1 2
1 0
2 4 4 3 4 4
1 1 4
4 10
4 1 4 6
5 3 6 4 5
2 3 1 4 1
5 2 1 4
6 2 3 6
6 8 4 2 3 3 3 1 3 5
6 1 1
6 3 2 6 5
5 1 5
1 6 2 4 3 3 6 6
5 1 2
1 1
2
1 3 1 2 3
2 20
3 3
3 2 3 3
1 1 1
2 1 2
2 1 1
3 1 2
3 1 1
2 0
3 1 3
1 0
1 2 1 2
1 1 2
2 1 2
1 2 2 3
1 0
3 0
3 2 2 3
3 1 2
2 2 1 1
2 1 3
1 1 2
1 1
2
2 3 1 2 3
20 15
4 1 1 3 1 4 2 4 5 1 2 5 1 2 5 4 4 2 2 4
5 1 2
5 2 5 5
3 1 3
3 1 5
2 2 1 5
5 0
5 1 2
5 3 3 1 3
2 0
5 1 3
1 1 4
5 3 5 1 2
2 1 1
1 2 3 4
4 1 2
3 3
1 1 1
1 0
1 0
1 0
2 13
2 2
2 0
2 0
2 2 2 2
2 1 2
2 1 2
2 3 2 2 2
2 1 2
2 1 2
2 0
2 1 2
2 0
2 0
2 0
1 20
14
6 1 15
5 1 6
3 1 5
2 2 19 3
1 1 2
20 2 14 1
15 2 16 20
12 1 15
7 2 15 12
16 1 7
8 1 16
4 2 13 8
19 2 18 4
11 3 14 15 19
18 2 9 11
17 1 18
13 1 17
10 1 13
9 1 10
14 1 9
10 20
1 2 3 4 5 6 7 8 9 10
8 1 8
6 1 6
10 1 10
3 0
2 0
9 1 9
2 1 2
6 0
9 0
5 0
1 1 1
3 1 3
5 1 5
7 0
7 1 7
4 0
10 0
8 0
1 0
4 1 4
3 5
1 2 1
2 1 1
1 2 1 1
1 1 1
2 1 1
2 1 2
3 20
1 2 1
2 2 2 2
3 1 2
3 2 2 3
1 0
1 0
3 2 1 2
1 1 3
1 1 2
1 2 3 2
1 2 2 2
1 1 3
2 1 2
2 4 1 3 2 2
3 2 2 3
3 3 1 3 2
3 3 1 2 3
3 0
2 3 1 2 3
3 0
1 3 2 2 1
3 19
1 1 1
1 0
1 0
1 0
1 0
1 0
1 0
1 1 1
1 1 1
1 1 1
1 1 1
1 1 1
1 1 1
1 1 1
1 1 1
1 1 1
1 2 1 1
1 2 1 1
1 2 1 1
1 2 1 1
1 2
2
2 0
2 1 2
1 1
2
1 1 1
1 20
16
16 6 5 11 8 12 6 1
20 1 7
8 1 13
12 1 4
6 1 10
9 1 20
2 2 12 8
5 3 7 11 9
14 3 14 18 3
19 1 14
7 2 4 3
1 2 2 6
10 2 11 19
17 2 3 15
4 1 1
15 1 14
18 1 2
3 2 1 17
13 3 16 12 1
11 3 17 10 5
23 5
3 2 3 4 2 1 1 2 1 4 1 2 3 3 4 2 4 3 4 3 2 4 4
1 0
3 2 4 1
2 3 3 2 1
3 0
1 1 3
3 20
3 2 3
1 2 1 3
1 4 3 2 2 3
2 2 3 3
2 1 2
3 0
3 2 1 1
2 4 3 2 3 1
2 1 3
1 1 1
3 1 3
2 3 1 3 3
1 1 3
2 4 3 3 3 2
2 0
2 1 3
3 0
1 0
2 0
2 0
2 0
3 20
2 4 4
2 1 1
2 2 2 3
2 3 3 1 1
4 1 1
4 1 4
1 2 3 1
1 1 3
4 1 4
3 1 2
1 2 1 2
1 4 1 3 3 2
1 2 3 4
1 0
2 1 3
2 2 4 3
2 5 3 3 2 4 3
4 1 4
2 3 3 4 3
4 3 3 1 1
1 1 3
3 10
1 2 2
1 0
1 0
2 4 1 1 2 1
1 2 2 1
2 2 2 1
2 0
2 1 1
1 2 1 1
1 0
1 3 1 1 1
