25
3 20
1 3 2
3 2 3 1
3 1 1
1 1 1
3 1 2
1 0
2 0
3 0
2 1 2
3 0
1 0
2 0
3 4 1 2 2 3
3 2 3 3
1 0
2 2 3 1
3 2 3 1
3 1 2
3 4 3 2 3 2
3 1 3
3 3 3 2 2
1 10
6
3 4 6 4 6 3
1 0
4 3 5 6 4
6 1 4
2 2 2 2
3 2 5 1
4 1 3
4 0
2 3 3 2 1
6 3 5 6 2
3 20
3 4 3
2 2 1 3
4 1 4
4 0
4 4 3 1 1 2
1 0
2 2 3 3
3 4 1 2 4 3
1 0
2 2 4 3
3 0
3 2 4 3
3 1 3
2 1 4
1 1 2
4 1 2
4 2 1 1
2 0
2 0
3 0
3 1 2
2 20
3 2
3 0
1 1 1
2 1 2
1 2 1 1
3 2 2 1
3 0
1 0
3 2 3 2
3 1 1
2 2 3 3
3 0
2 1 3
2 0
2 1 3
1 2 1 1
1 2 2 2
3 0
2 2 2 3
1 0
1 1 2
10 20
1 2 3 4 5 6 7 8 9 10
6 0
2 1 2
9 1 9
1 0
2 0
5 1 5
4 1 4
7 0
10 0
8 1 8
8 0
1 1 1
5 0
10 1 10
3 0
7 1 7
3 1 3
9 0
6 1 6
4 0
23 5
3 4 4 2 4 4 2 4 3 3 3 2 3 1 2 3 2 4 2 4 4 3 2
2 2 1 2
2 0
4 0
1 3 2 3 2
1 1 4
3 15
1 2 1
3 2 2 1
3 1 1
3 2 3 1
2 2 2 3
3 0
3 3 1 2 2
3 3 1 2 3
1 4 1 1 1 3
1 2 1 1
3 0
2 2 2 1
2 1 3
1 4 2 2 1 1
3 1 1
1 4 3 3 2 1
3 5
2 2 2
2 1 2
2 0
1 2 1 1
1 0
2 3 1 1 2
3 20
2 1 4
4 2 1 3
1 1 4
1 2 1 1
1 0
2 1 1
1 2 4 1
1 1 1
4 1 1
2 1 3
2 1 4
1 3 2 4 3
4 0
1 2 2 4
2 1 2
1 2 3 4
3 0
4 1 2
3 2 4 1
2 0
1 0
2 9
13 13
13 2 13 13
13 0
13 1 13
13 0
13 1 13
13 0
13 1 13
13 1 13
13 1 13
1 4
1
1 0
1 2 1 3
2 0
3 1 2
1 1
2
2 0
4 15
2 3 2 2
3 1 3
1 1 1
1 3 2 3 1
1 0
1 0
3 2 2 2
1 1 3
3 1 1
1 0
2 1 1
2 1 3
2 2 2 2
2 2 3 1
3 2 2 1
2 1 3
1 1
2
2 3 1 2 3
3 20
2 1 2
1 2 1 3
1 2 3 1
3 0
2 2 1 2
3 0
1 0
3 3 2 2 1
1 1 1
3 4 1 3 1 3
3 1 1
3 1 1
2 1 3
2 1 3
2 2 1 1
1 2 2 1
1 2 3 2
2 0
2 1 3
1 1 1
3 1 3
3 3
1 1 1
1 0
1 0
1 0
1 2
2
2 0
2 1 2
1 20
2
3 1 11
9 2 5 3
12 1 9
18 1 12
14 1 18
7 2 9 14
8 1 7
15 2 5 8
16 1 15
13 2 16 16
19 3 19 5 13
1 1 19
11 1 1
10 2 5 11
17 2 15 10
6 1 17
5 1 6
4 1 5
20 1 4
2 2 7 20
1 1
2
1 3 1 2 3
3 10
2 2 2
1 1 2
1 0
1 3 2 1 2
2 3 2 2 1
1 1 2
2 0
1 1 2
2 1 1
1 3 1 1 2
2 1 1
3 19
1 1 1
1 0
1 0
1 0
1 0
1 0
1 0
1 1 1
1 1 1
1 1 1
1 1 1
1 1 1
1 1 1
1 1 1
1 1 1
1 1 1
1 2 1 1
1 2 1 1
1 2 1 1
1 2 1 1
2 13
2 2
2 1 2
2 1 2
2 0
2 1 2
2 1 2
2 1 2
2 0
2 0
2 0
2 3 2 2 2
2 2 2 2
2 0
2 0
3 20
15 17 9
8 1 16
20 2 14 1
12 2 18 2
19 1 20
2 2 19 15
14 2 9 19
13 2 11 3
9 2 16 20
15 1 8
17 2 19 14
18 2 9 9
11 2 7 4
3 3 5 6 12
1 1 13
5 3 17 19 7
10 2 18 6
7 1 11
4 1 10
16 2 10 5
6 3 19 18 18
1 1
2
1 1 1
20 15
3 3 4 4 4 1 3 3 1 4 5 3 2 5 3 5 3 5 4 5
5 2 2 1
5 1 1
3 1 3
5 0
2 3 2 5 5
1 0
3 1 3
4 1 2
2 3 4 5 4
2 2 3 5
4 0
1 1 5
1 1 4
4 1 3
4 3 3 3 2
